%YAML:1.0
---
rotation: !!opencv-matrix
   rows: 3
   cols: 3
   dt: d
   data: [ 9.9998755224946667e-01, 1.1862486694615606e-03,
       -4.8464585229113857e-03, -1.1608514756676843e-03,
       9.9998559826281685e-01, 5.2398178219905259e-03,
       4.8526044524090251e-03, -5.2341265795173555e-03,
       9.9997452775007123e-01 ]
translation: !!opencv-matrix
   rows: 3
   cols: 1
   dt: d
   data: [ -5.1417459410934785e-02, 4.5701391230328401e-04,
       2.2802670224944890e-04 ]
essential: !!opencv-matrix
   rows: 3
   cols: 3
   dt: d
   data: [ 2.4824128794536924e-06, -2.3041548693440820e-04,
       4.5580745275235250e-04, 4.7753245629900685e-04,
       -2.6885499458188344e-04, 5.1415044570603405e-02,
       -3.9732018987584649e-04, -5.1417261042343121e-02,
       -2.6720322121251921e-04 ]
fundamental: !!opencv-matrix
   rows: 3
   cols: 3
   dt: d
   data: [ 2.4884957316152861e-09, -2.3096469321564787e-07,
       2.1201855835128162e-04, 4.7826776278546391e-07,
       -2.6925102702485097e-07, 1.8539739319536931e-02,
       -6.7467230891392425e-04, -5.3563941821652403e-02, 1. ]
