%YAML:1.0
---
depthShift: -2.0547139201938883e+01
