%YAML:1.0
---
cameraMatrix: !!opencv-matrix
   rows: 3
   cols: 3
   dt: d
   data: [ 3.6130396594153933e+02, 0., 2.5250761120081418e+02, 0.,
       3.6132805494045880e+02, 2.0591173770848570e+02, 0., 0., 1. ]
distortionCoefficients: !!opencv-matrix
   rows: 1
   cols: 5
   dt: d
   data: [ 9.4542881624435027e-02, -2.7358239154950692e-01,
       5.0581046513494769e-04, -2.7652117630823451e-04,
       9.8866527714105923e-02 ]
rotation: !!opencv-matrix
   rows: 3
   cols: 3
   dt: d
   data: [ 1., 0., 0., 0., 1., 0., 0., 0., 1. ]
projection: !!opencv-matrix
   rows: 4
   cols: 4
   dt: d
   data: [ 3.6130396594153933e+02, 0., 2.5250761120081418e+02, 0., 0.,
       3.6132805494045880e+02, 2.0591173770848570e+02, 0., 0., 0., 1.,
       0., 0., 0., 0., 1. ]
