%YAML:1.0
---
cameraMatrix: !!opencv-matrix
   rows: 3
   cols: 3
   dt: d
   data: [ 1.0464088296606685e+03, 0., 9.6962285013582118e+02, 0.,
       1.0473601981442353e+03, 5.3418043955010319e+02, 0., 0., 1. ]
distortionCoefficients: !!opencv-matrix
   rows: 1
   cols: 5
   dt: d
   data: [ 4.3977277514639868e-02, -6.2933078892199332e-02,
       -5.7377837329916246e-04, 7.8218303056817190e-04,
       1.4687866930870116e-02 ]
rotation: !!opencv-matrix
   rows: 3
   cols: 3
   dt: d
   data: [ 1., 0., 0., 0., 1., 0., 0., 0., 1. ]
projection: !!opencv-matrix
   rows: 4
   cols: 4
   dt: d
   data: [ 1.0464088296606685e+03, 0., 9.6962285013582118e+02, 0., 0.,
       1.0473601981442353e+03, 5.3418043955010319e+02, 0., 0., 0., 1.,
       0., 0., 0., 0., 1. ]
